Total amount of free biome ids: C:\Users\Javier\Documents\Curse\Minecraft\Instances\JAMP Development\config\AntiIDConflict\biomes\avaibleIDs.txt
List of free biome ids:
40
41
42
43
44
45
46
47
48
49
50
51
52
53
54
55
56
57
58
59
60
61
62
63
64
65
66
67
68
69
80
98
99
100
101
104
106
107
108
109
118
119
120
121
122
123
124
125
126
127
128
135
136
137
138
139
141
142
143
144
145
146
147
148
150
152
153
154
159
170
171
172
173
174
175
176
177
178
179
180
181
182
183
184
185
186
187
188
189
209
214
216
217
218
219
222
223
224
225
226
227
228
229
230
231
232
233
234
235
236
237
246
247
248
249
250
251
252
253
254
255
